230 253 226
250 213 253
187 232 251
182 226 254
202 216 253
64 245 255
113 251 234
200 253 197
153 233 238
245 218 215
245 180 253
48 249 236
148 214 251
28 232 254
117 247 217
216 243 181
172 195 255
215 253 161
47 227 248
167 252 182
14 247 225
146 196 254
201 251 161
140 252 185
35 229 238
127 220 228
62 208 254
207 253 144
99 212 240
249 159 238
61 210 247
203 200 215
181 226 191
242 255 102
217 207 196
189 210 204
246 215 166
240 240 127
214 174 229
211 200 201
230 225 155
166 218 196
83 240 192
175 255 131
121 232 190
240 249 93
57 240 193
89 209 224
25 200 243
243 172 205
205 147 245
35 188 251
186 184 216
132 206 210
93 235 183
104 207 215
48 201 232
251 154 211
153 206 198
90 206 216
176 176 221
53 233 188
194 248 105
189 161 228
55 245 167
134 173 234
31 216 209
212 210 156
7 251 161
69 229 183
55 168 252
240 129 227
18 209 214
208 229 120
152 215 172
157 215 169
29 213 205
222 246 62
129 243 133
169 239 119
144 173 220
82 239 154
158 200 183
23 174 242
85 215 186
172 123 250
251 93 237
223 144 211
26 186 227
252 218 86
176 221 137
201 252 42
141 170 216
70 229 163
159 249 86
100 205 187
186 140 225
144 131 246
145 239 113
56 188 214
47 155 246
97 254 101
166 215 142
123 221 151
18 172 232
22 247 133
27 197 204
173 254 40
233 238 16
155 227 121
181 154 206
38 246 127
192 209 129
153 247 73
89 146 239
62 183 209
198 92 244
176 120 233
205 244 17
87 227 142
162 245 63
26 168 226
218 230 48
255 194 97
110 207 162
221 166 164
107 131 241
203 108 226
69 242 113
163 114 236
85 146 232
151 245 59
149 150 210
255 213 35
193 155 186
25 217 161
133 105 248
36 174 211
49 120 254
123 123 237
104 200 164
14 224 148
142 90 252
44 173 208
67 225 134
25 252 88
111 99 253
158 235 65
234 223 2
114 182 179
78 152 219
64 211 153
34 151 226
146 251 4
51 202 167
40 139 234
66 232 113
135 142 210
170 147 192
18 233 120
242 152 146
196 169 153
155 244 13
221 29 243
12 111 253
190 204 98
232 208 43
188 180 139
87 122 234
82 249 52
10 250 74
198 215 59
57 245 73
67 142 220
85 181 176
102 226 98
151 215 94
194 225 20
208 166 140
209 58 230
201 150 163
118 67 255
213 143 163
230 201 48
105 134 214
98 252 0
115 231 70
32 233 98
194 148 165
41 230 101
108 106 232
46 141 217
54 236 81
231 43 221
54 96 247
107 66 253
231 35 223
77 209 126
105 164 179
48 195 154
208 112 187
121 167 169
164 186 123
4 254 25
128 235 26
125 174 157
23 255 7
196 199 70
197 181 106
27 110 236
241 129 146
72 180 163
247 182 48
160 159 157
174 71 224
147 90 222
179 60 227
73 183 156
253 13 210
215 101 184
37 169 179
154 223 24
204 137 155
36 227 85
200 115 178
160 112 198
224 85 188
232 179 62
89 130 204
90 186 141
90 224 66
140 155 162
159 76 220
219 197 14
176 63 220
116 31 251
46 149 192
180 114 183
85 186 138
226 67 193
43 130 208
37 209 111
172 56 222
39 180 155
184 151 139
143 136 175
113 68 233
210 112 165
192 204 10
69 74 238
192 119 167
139 166 139
9 120 215
79 225 48
179 123 168
204 35 213
162 30 231
229 152 97
45 238 5
8 221 79
237 181 1
182 64 207
87 101 214
125 221 9
185 133 150
243 166 43
64 104 215
49 166 160
248 107 134
28 139 191
201 194 4
75 158 162
52 179 140
166 185 77
71 213 69
148 133 163
233 142 97
173 171 97
59 113 205
252 95 137
40 200 104
137 144 153
24 134 191
248 166 4
138 108 186
143 116 177
115 121 182
100 68 222
133 163 127
111 203 61
241 98 137
100 218 12
39 44 241
183 168 84
52 196 100
53 141 175
118 84 205
48 226 7
15 59 235
176 112 160
185 152 106
119 129 167
0 191 114
227 17 189
189 157 92
39 133 181
44 137 176
96 1 239
222 5 193
35 182 120
228 144 74
105 139 157
176 101 164
183 25 204
109 72 208
211 66 170
153 188 43
227 7 186
239 48 162
239 111 108
90 184 93
152 88 181
200 46 184
219 118 114
172 84 174
58 207 47
29 205 63
126 31 217
47 185 101
93 41 221
191 172 30
213 38 177
26 13 238
198 71 166
73 209 18
63 65 214
247 114 84
185 165 52
87 207 7
109 101 179
93 134 153
197 131 103
220 18 176
187 171 22
216 131 84
142 119 148
96 13 223
26 169 121
16 196 71
212 99 126
112 52 204
151 2 208
28 204 41
15 173 113
13 177 106
130 152 107
190 99 137
182 139 92
159 126 125
198 68 156
40 25 224
49 39 218
90 182 66
105 161 100
189 49 170
58 203 10
81 88 185
18 205 21
159 72 169
33 192 59
37 182 81
167 172 7
196 3 180
247 122 30
148 78 167
51 198 24
196 4 178
22 106 177
18 166 109
138 173 36
3 90 189
76 18 213
173 92 140
250 72 99
51 101 174
2 158 119
163 104 132
104 172 60
91 148 111
48 41 207
24 183 66
16 148 128
111 17 201
195 150 10
70 145 119
210 9 160
172 45 166
243 83 84
174 99 124
209 131 41
47 193 9
22 87 181
75 75 180
61 146 115
198 119 75
212 58 130
56 105 160
202 43 145
122 174 7
225 39 130
156 73 150
151 146 62
187 29 158
118 15 191
119 16 190
31 99 165
35 139 123
53 14 204
242 6 125
95 165 53
3 93 170
28 184 28
74 140 108
80 73 171
124 26 181
161 14 170
224 117 10
133 70 154
52 17 199
198 132 11
38 184 6
120 64 161
82 53 178
111 168 5
144 114 103
167 129 60
189 28 145
167 129 58
192 101 81
164 85 120
84 167 30
106 167 0
98 39 176
88 85 151
176 0 157
142 88 126
177 108 78
152 138 42
43 166 48
178 63 124
72 28 183
82 137 90
23 105 143
142 17 164
151 138 34
177 133 0
128 128 76
75 155 52
146 92 112
65 20 183
245 72 27
1 168 39
210 97 41
65 116 117
137 135 46
91 159 14
216 79 60
80 14 178
121 67 140
208 67 82
214 35 102
116 85 126
164 105 72
75 143 64
75 137 75
247 61 16
103 105 108
153 115 60
226 38 81
230 22 86
111 69 136
14 165 16
150 78 108
83 147 38
189 43 108
154 127 15
224 38 76
82 111 102
26 145 64
130 95 97
98 133 55
157 79 96
223 75 14
110 40 147
59 9 171
49 21 169
254 25 11
24 146 53
44 28 166
41 125 87
34 74 142
19 97 124
147 65 108
160 107 38
118 94 94
65 70 136
96 76 121
78 142 22
212 50 57
94 95 101
179 54 88
62 119 80
123 40 131
2 101 114
34 138 50
84 136 24
160 83 67
128 70 104
7 134 61
0 29 159
63 61 134
223 4 60
61 109 86
44 3 160
180 71 53
212 48 34
3 85 121
235 10 14
184 80 21
34 3 158
18 87 115
95 128 7
94 107 64
139 103 29
36 128 48
56 39 139
84 37 132
47 133 23
186 27 75
104 96 68
73 105 70
29 55 131
83 117 37
37 132 20
4 39 140
32 112 68
100 107 41
22 103 82
17 105 79
6 53 129
204 29 25
174 63 31
11 132 9
23 23 139
95 80 79
147 45 79
100 44 107
192 38 23
149 77 29
205 16 4
117 99 12
80 104 39
188 38 18
66 77 86
160 47 52
65 114 11
7 118 29
109 3 111
132 43 77
22 58 108
0 106 52
102 88 37
124 44 77
50 99 47
146 67 15
19 66 96
47 32 113
30 28 117
136 3 83
5 94 59
16 51 103
42 94 46
57 17 111
151 43 29
123 23 76
172 6 20
114 62 42
83 86 21
158 16 34
80 29 90
98 17 86
80 56 66
118 59 26
3 39 97
99 48 57
125 23 55
53 76 43
14 46 86
35 69 57
44 88 5
142 21 13
109 49 27
106 57 6
40 78 25
33 58 59
62 11 81
2 17 89
80 56 26
43 71 20
20 8 85
52 43 54
100 12 43
31 62 30
32 67 10
52 5 67
59 48 24
55 22 52
35 31 50
92 9 16
80 16 21
73 22 14
42 41 2
7 27 36
55 14 11
37 7 20
