59 248 247
253 254 142
1 238 234
87 205 248
147 217 209
139 176 247
247 217 139
29 242 180
193 198 182
227 129 230
184 147 228
129 205 181
253 235 12
175 162 203
4 173 227
142 113 247
93 239 110
198 73 245
253 209 36
235 106 200
168 116 219
0 147 226
194 227 14
10 205 154
112 208 119
210 197 69
230 102 181
197 62 220
211 202 27
87 219 82
37 92 237
65 209 102
41 225 67
234 104 152
160 93 196
207 41 202
51 81 226
89 211 52
54 218 41
137 176 94
176 101 164
247 79 134
231 38 168
246 4 167
199 27 184
248 126 47
24 148 144
52 20 222
1 116 172
131 150 93
22 201 1
123 170 41
110 117 134
108 167 46
30 37 199
64 23 196
26 0 203
66 154 73
217 51 103
208 21 123
64 88 144
229 72 43
177 65 103
164 41 124
60 14 169
36 70 143
248 14 6
119 38 130
116 79 95
31 126 55
69 84 98
65 78 99
112 41 103
54 88 76
153 53 39
154 4 65
62 5 108
58 69 55
23 61 62
88 21 52
2 51 33
